967730
996780
1000479
996590
1259779
1134967
1241785
1078038
1132064
1052687
1019766
1162674
1092265
1152267
1064972
1134437
1250199
1003107
1135564
1175128
1150941
1185981
1109608
1269078
1056054
1086612
1124687
1063332
1033975
1057482
1143602
1011687
1100982
1135853
1120071
1130290
1163349
1220547
1156795
1137752
1150954
1124022
1143848
1151354
1147909
1247846
1138329
1136539
1274704
1138806
1144088
1053672
1149853
1244588
1154284
1144953
1154728
1148200
1076589
1146092
1150491
1147095
1160670
1149963
1280744
1135208
1149176
1153127
1139832
1157554
1080995
1157487
1150815
1144671
1165424
1146618
1162088
1153949
1153495
1200490
1202752
1169208
1151477
1187119
1146776
1229743
1261844
1138116
1153785
1157810
1222135
1225726
1133868
1137630
1148103
1153302
1137405
1243290
1251639
1158119
