865594
860047
870665
872432
876125
872243
874426
873179
875387
880283
881514
880244
900167
887515
883747
890371
899431
881218
877874
895916
876612
872585
883991
885307
896823
881653
875787
877202
882926
869812
882302
864243
870244
876252
877248
875788
888489
873054
879794
872431
876009
881328
880896
879575
869717
870528
878323
874391
880716
871904
870909
880666
867336
872826
879571
871149
878698
879691
884871
879978
879941
870909
881129
873034
878332
873891
880766
885646
880451
878890
879205
878111
871217
879035
877908
874334
872742
875748
874503
882254
883030
872557
879180
874567
875601
872670
881555
871819
875295
882243
883079
867117
884142
885121
880507
887418
884212
883672
886043
878375
