280983
661991
693555
700207
780662
823034
879840
877412
920937
891650
800693
1071050
1087837
1112801
1114578
1134738
969834
1045184
1015168
1033487
1076440
985099
1012049
944711
1021014
1030428
999691
1295159
1114769
1047859
1205177
1032254
1264285
1044629
1029689
1298686
1068563
1267341
1102845
1277836
1316591
1090652
1089493
1301063
1054774
1232976
1046994
1073134
1264305
1267804
1218905
1031670
1045353
1270797
1294071
1272707
1272499
1034106
1082405
996499
1027840
1042357
1287662
1205819
1051780
1299831
1042091
1090272
1052282
1041848
1298726
1041842
1067914
1295791
1086313
1065606
1090296
1032626
1096356
1071340
1082966
1044906
1072287
1278446
1035676
1208584
1087035
1276449
978801
1152509
1104131
1085385
1107280
1218683
1039485
1068961
1046189
1264822
1301803
1051158
