974795
976159
896571
891201
899518
902519
910829
897133
899513
897294
898805
899542
899794
897618
902611
912642
896142
913669
905520
885205
903722
896805
900929
899558
895779
904003
900054
899672
901751
896357
904386
907297
898692
898538
909845
888474
893528
898438
902572
895414
902682
900191
903817
900070
893618
887606
896176
899236
899756
901197
863347
472586
455212
509815
866133
861643
486617
905345
868353
882028
877794
919663
895188
891200
889969
886889
908062
397045
514101
862549
868046
888917
862401
867439
899679
491135
892178
851722
447323
478616
476965
868942
862111
856375
866537
905539
910379
895325
484753
868554
818296
864508
899783
900996
1000623
1007478
1009507
1014890
1007524
1006469
