238363
319697
264100
281503
254983
311809
330757
267932
262859
254047
267237
266738
259593
247232
252647
294493
283734
251416
303370
312741
312267
310448
283718
261122
292946
259894
269976
294266
258649
267262
260882
283810
293843
293530
295404
294283
286301
272125
294669
277383
293712
267688
265246
259729
272936
263389
284002
293092
263055
304050
258329
391702
295602
293445
296935
274435
284962
285689
304953
282494
268244
278998
269563
270425
294465
262562
305404
261171
276238
254005
256070
258719
257690
304656
265274
302652
286566
268518
305493
268423
313488
319073
304561
306877
316685
305924
295144
323981
312469
313709
323428
321700
326580
334151
326906
313515
328554
323866
433510
314092
304472
306290
330476
299319
308352
328252
294713
270089
359091
280996
312326
280603
318685
280556
280013
279021
270566
279427
303490
279365
306563
297423
268344
328582
279285
279387
280381
277848
278801
296490
279130
280049
292273
280530
278840
270020
278109
305599
296423
321324
333306
320450
300568
307710
315301
302413
314582
311861
279174
280170
280391
280324
281002
281270
280128
281010
271975
277996
279667
280801
278302
275854
280402
279200
280852
278854
280300
278521
276819
279453
280244
280988
280211
277101
279886
268241
270147
280193
279231
279779
280537
279377
279864
281253
277050
280347
270402
279937
277635
270705
279252
277980
280927
270909
269650
279733
280841
278375
270332
280331
